51,37
51,36
4,14
4,67
4,73
4,65
6,5
7,13
51,35
10,100
10,269
10,260
10,87
10,22
10,169
10,222
10,227
11,16
11,23
11,14
11,21
11,9
8,14
8,5
8,7
49,7
49,1
49,6
28,3
28,1
25,3
25,1
24,3
24,1
17,3
17,2
17,1
16,3
20,2
16,2
20,1
16,1
15,3
15,2
20,3
15,1
14,2
19,2
13,2
12,3
19,1
12,2
19,3
12,1
11,27
11,22
11,20
11,19
11,12
11,7
11,6
11,3
11,2
11,1
10,291
10,289
10,265
10,243
10,223
10,140
10,136
10,126
10,3
10,2
10,1
9,7
9,6
9,4
9,3
9,2
9,1
8,18
8,16
8,15
8,13
8,12
8,11
8,10
8,8
8,3
8,2
18,1
8,1
7,11
7,10
7,9
7,7
18,3
7,6
7,5
7,4
7,3
7,2
14,1
